11001100110011001100110011001100
11001100110011001100110011001100
00110011001100110011001100110000
00110011001100110011001100110000
11111111111111111111111111111100
11111111111111111111111111111100
11000000000000000000000000001111
11000000000000000000000000001111
11001100110011001100110011001111
11001100110011001100110011001111
11000000000000000000000000001111
11000000000000000000000000001111
11001100110011001100110011001111
11001100110011001100110011001111
11000000000000000000000000001111
11000000000000000000000000001111
11001100110011001100110011001111
11001100110011001100110011001111
11000000000000000000000000111111
11000000000000000000000000111111
11111111111111111111111111111111
11111111111111111111111111111111
00111111111111111111111111111100
00111111111111111111111111111100
00000000000000000000000000000000
00000000000000000000000000000000
00000000000000000000000000000000
00000000000000000000000000000000
00000000000000000000000000000000
00000000000000000000000000000000
000000000000000000000000000000
000000000000000000000000000000
