00000000000011111100000000000000
00000000000011111100000000000000
00000000111100000011110000000000
00000000111100000011110000000000
00000011000000000000001100000000
00000011000000000000001100000000
00001100000000000000000011000000
00001100000000000000000011000000
00110000000000000000000000110000
00110000000000000000000000110000
11111111111111111111111111111100
11111111111111111111111111111100
11110011001100110011001100110011
11110011001100110011001100110011
11001100110011001100110011001111
11001100110011001100110011001111
11110011001100110011001100110011
11110011001100110011001100110011
11001100110011001100110011001111
11001100110011001100110011001111
11110011001100110011001100110011
11110011001100110011001100110011
11001100110011001100110011001111
11001100110011001100110011001111
11110011001100110011001100111100
11110011001100110011001100111100
00111100110011001100110011110000
00111100110011001100110011110000
00001111001100110011001111000000
00001111001100110011001111000000
00000011111111111111111100000000
00000011111111111111111100000000