00110000000000111100000000001100
00110000000000111100000000001100
11111100000000111100000000111111
11111100000000111100000000111111
00111111000000111100000011111100
00111111000000111100000011111100
00001111110000111100001111110000
00001111110000111100001111110000
00000011110000000000001111000000
00000011110000000000001111000000
00000000000000111100000000000000
00000000000000111100000000000000
00000000000011111111000000000000
00000000000011111111000000000000
11111111001111111111110011111111
11111111001111111111110011111111
11111111001111111111110011111111
11111111001111111111110011111111
00000000000011111111000000000000
00000000000011111111000000000000
00000000000000111100000000000000
00000000000000111100000000000000
00000011110000000000001111000000
00000011110000000000001111000000
00001111110000111100001111110000
00001111110000111100001111110000
00111111000000111100000011111100
00111111000000111100000011111100
11111100000000111100000000111111
11111100000000111100000000111111
001100000000001111000000000011
001100000000001111000000000011
