00000000000000000000001111000000
00000000000000000000001111000000
00000000000000000000111100000000
00000000000000000000111100000000
00000000000000000000111100000011
00000000000000000000111100000011
00000000000000000011111111001111
00000000000000000011111111001111
00000000000000000011111111111111
00000000000000000011111111111111
00000000000000000011111111111100
00000000000000000011111111111100
00000000000000001111111111000000
00000000000000001111111111000000
00000011111111111100111100000000
00000011111111111100111100000000
00111100001111111111110000000000
00111100001111111111110000000000
11110000111100111111000000000000
11110000111100111111000000000000
11000011000000110011000000000000
11000011000000110011000000000000
11001111000011110011000000000000
11001111000011110011000000000000
11110000001111000011000000000000
11110000001111000011000000000000
00000000001100001111000000000000
00000000001100001111000000000000
00000000001100111100000000000000
00000000001100111100000000000000
000000000011111100000000000000
000000000011111100000000000000
