00000000000000000000110000000000
00000000000000000000110000000000
00000000000000000011001100000000
00000000000000000011001100000000
00000000000000000110000011000000
00000000000000000110000011000000
00000000000000110000000011000000
00000000000000110000000011000000
00000000111100110000111100110000
00000000111100110000111100110000
00000000111111111111111100001100
00000000111111111111111100001100
00000011111111111111111111000000
00000011111111111111111111000000
00000011110011111100110011000000
00000011110011111100110011000000
00000011000000111111111111000000
00000011000000111111111111000000
00000011110011111100110011000000
00000011110011111100110011000000
00001111111111111111111111110000
00001111111111111111111111110000
00001111111100000000111111110000
00001111111100000000111111110000
00001111110000000000001111110000
00001111110000000000001111110000
00111111110000000000001111111100
00111111110000000000001111111100
00111111110000000000001111111100
00111111110000000000001111111100
00001111000000000000000011110000
00001111000000000000000011110000