00000000110000000000111111000000
00000000110000000000111111000000
00000011111100000000111111000000
00000011111100000000111111000000
00001111111111000000111111000000
00001111111111000000111111000000
00111111111111110000111111000000
00111111111111110000111111000000
11111111111111111100111111000000
11111111111111111100111111000000
00000011111100000000111111000000
00000011111100000000111111000000
00000011111100000000111111000000
00000011111100000000111111000000
00000011111100000000111111000000
00000011111100000000111111000000
00000011111100000000111111000000
00000011111100000000111111000000
00000011111100000000111111000000
00000011111100000000111111000000
00000011111100000000111111000000
00000011111100000000111111000000
00000011111100111111111111111111
00000011111100111111111111111111
00000011111100001111111111111100
00000011111100001111111111111100
00000011111100000011111111110000
00000011111100000011111111110000
00000011111100000000111111000000
00000011111100000000111111000000
00000011111100000000001100000000
00000011111100000000001100000000