00000000001111111111110000000000
00000000001111111111110000000000
00000011110000000000001111000000
00000011110000000000001111000000
00001100000000110000000000110000
00001100000000110000000000110000
00001100000000110000000000110000
00001100000000110000000000110000
00110000000000111100000000001100
00110000000000111100000000001100
00110000000000111100000000001100
00110000000000111100000000001100
11000000000000111100000000000011
11000000000000111100000000000011
11000000000000111100000000000011
11000000000000111100000000000011
11000000000000111111111111000011
11000000000000111111111111000011
11000000000000111111110000000011
11000000000000111111110000000011
00110000000000000000000000001100
00110000000000000000000000001100
00110000000000000000000000001100
00110000000000000000000000001100
00001100000000000000000000110000
00001100000000000000000000110000
00001100000000000000000000110000
00001100000000000000000000110000
00000011110000000000001111000000
00000011110000000000001111000000
000000000011111111111100000000
000000000011111111111100000000
