00000000000011000000000000000000
00000000000011000000000000000000
11111111111100000000000000000000
11111111111100000000000000000000
11000000111100000000000000000000
11000000111100000000000000000000
11110011001100000000000000000000
11110011001100000000000000000000
11001100001100111111111111111111
11001100001100111111111111111111
11111111111100000000000000000000
11111111111100000000000000000000
00000000000000000000000000000000
00000000000000000000000000000000
00000000000000000000000000000000
00000000000000000000000000000000
00000000000000000000000000000000
00000000000000000000000000000000
11111111111100000000000000000000
11111111111100000000000000000000
11000000001100000000000000000000
11000000001100000000000000000000
11000000001100000000000000000000
11000000001100000000000000000000
11000000001100111111111111111111
11000000001100111111111111111111
11111111111100000000000000000000
11111111111100000000000000000000
00000000000000000000000000000000
00000000000000000000000000000000
00000000000000000000000000000000
00000000000000000000000000000000